4366117834
4321531812
4356245076
4321398499
4362187666
4366745194
4366239705
4366245640
4366252549
4355982219
4366235872
4366330912
4327113176
4366113042
4366111605
4366112640
4365799736
4356192176
4365798733
4366101697
4322000788
4366109666
4367005305
4365860525
4367932626
4367561763
4366105658
4368150205
4367273571
4368156875
4368157788
4357391437
4090954918
4368454657
4205905672
4361333706
4367780756
4369061708
4366868651
4369433643
4369489496
4360591173
4368262752
4369178699
4369475312
4369851835
4370240414
4370520688
4370538072
4361874267
4321965491
4361818556
4359897868
4368279192
4210992740
4371267356
4362094889
4371276154
4309459084
4371176539
4361849430
4371036280
4370460444
4369326121
4371422053
4363108892
4370943034
4369848198
4287515091
4370548361
4370638571
4287515092
4371178312
4370526066
4369815489
3631867155
4368702649
4370217063
4371218338
4370295983
4369525486
4363111799
4371193298
4363182491
4363038811
4370405297
4363024414
4371402961
4370151567
4371126469
4370933146
4370926647
4371110377
4370413722
4371718131
4366762339
4371855063
4318014577
4371739641
4273378992
4273381369
4273382292
4370018542
4372227290
4371781755
4370871959
4273387041
4273382290
4370628987
4371884382
4372136736
4371766529
4372240296
4372920937
4371781758
4371817449
4273384148
4273379434
4371040662
4370398187
4273381380
4273379442
4370949198
4273378990
4363197216
4371380719
4362256695
4370922193
4372070517
4329895877
4371836259
4371830435
4363280729
4372047738
4371395032
4363152549
4372725499
4372070715
4373239845
4371831565
4370708485
4332581338
4372255106
4373250358
4363173393
4364180493
4311462564
4364567043
4372337158
4372330170
4371701378
4371768266
4372323705
4332768839
4372196046
4363157952
4372937577
4373527635
4343194368
4373531348
4372389806
4372373912
4373553599
4364578467
4373581271
4372394968
4372373504
4371105877
4373561736
4364289470
4371912211
4363229154
4373585591
4372071341
4273384142
4364726629
4372811798
4372836274
4372822612
4372831570
4372835497
4372828340
4373958440
4372855351
4372839668
4372848467
4372838893
4359578453
4373980000
4372823273
4373915747
4373022390
4373963825
4373960925
4373969521
4372858268
4372894113
4374183661
4373975128
4373088029
4374107352
4373976133
4372462369
4373323124
4373314225
4347373081
4373961908
4373316168
4373313766
4373307194
4372453454
4372442564
4373319209
4373961909
4373316156
4372625257
4364789709
4373968485
4373557776
4372463788
4374718399
4373311826
4373560627
4373351408
4358148430
4365931993
4367447495
4373663941
4364748683
4372860005
4366743134
4373683103
4373671901
4373679173
4373682108
4373695275
4344219997
4373662378
4351646574
4369262342
4374017775
4364797729
4374013683
4360825510
4373653878
4374763094
4371749120
4375485747
4373677183
4373631891
4374338607
4374353388
4372823611
4374365945
4373340580
4344513027
4375680878
4374373119
4373956953
4373452744
4375805600
4375828210
4375829197
4375889982
4375800273
4375696579
4373738248
4344738580
4372837663
4375653549
4375449105
4374918630
4374932223
4375167079
4305104801
4373696194
4374026484
4358576483
4374603494
4341299999
4374019967
4374933355
4375003897
4375307039
4374979888
4374992028
4374968385
4351756582
4374923715
4375635662
4375307569
4376535368
4374391460
4375309194
4374999404
4373461633
4374238286
4376586198
4375358255
4375344862
4375334967
4375367104
4375726027
4375162189
4375369112
4367798940
4376804488
4375740249
4376827632
4374240088
4375716464
4374246653
4376067240
4376044149
4376843151
4352532791
4376029979
4376055805
4376054837
4376066244
4352668593
4352668590
4352618574
4376016818
4374946439
4357521600
4377122792
4376066227
4373669296
4375359188
4376535895
4367735370
4376062350
4376579129
4352672755
4377135282
4377564880
4367778330
4374889261
4377582015
4305117195
4375215720
4376734372
4376741179
4376717972
4367786329
4377871983
4376705597
4377586325
4352568919
4377015109
4376734165
4375230952
4374812882
4376739453
4375236025
4377800128
4376731218
4376097028
4375247062
4376935396
4377894236
4377898171
4376964589
4378045907
4376998117
4377210992
4377221067
4378010398
4375513124
4320445355
4377283038
4377253822
4376770405
4377230982
4354877122
4377262393
4377837629
4373656825
4378092277
4377645838
4377820066
4377687195
4377661787
4378091734
4378744605
4377686240
4377904296
4377289512
4377906114
4378018054
4377955167
4375994520
4354942387
4377678077
4374896573
4377694819
4376986583
4353230352
4377931022
4379080898
4379075924
4377690901
4377969584
4378236226
4378755868
4376258490
4377248663
4378261484
4378258724
4378268499
4376788014
4378257174
4378272743
4377675133
4378276612
4378691750
4378696694
4273380383
4319720477
4379504257
4378406234
4379541056
4378432290
4378440231
4378448218
4378257007
4378263510
4378427956
4370036584
4378451230
4378434732
4378705024
4378494195
4379767021
4378432507
4273379445
4379567747
4379573742
4379902868
4377394527
4377394528
4377375748
4377384600
4378815650
4377370435
4376959693
4377384639
4368385345
4377706393
4377759308
4378848644
4378493001
4379139755
4375530583
4349600916
4377399485
4379131995
4380181584
4379189781
4379191156
4379194135
4379183452
4379181564
4379186341
4379189199
4273386056
4378813379
4379971575
4377770878
4378240977
4380330062
4380531175
4380334085
4379614508
4379623011
4377684596
4379165330
4379644100
4377787605
4379792890
4378258720
4379690598
4380184782
4379622689
4380192028
4379675682
4380066487
4379199900
4379172201
4379168705
4379338304
4380401175
4380092673
4380092675
4380089874
4380090928
4381424165
4381427034
4380418974
4381198286
4380098324
4378956142
4360975826
4381193632
4380708272
4381651850
4381172664
4379862161
4380652782
4380091088
4380459517
4379621296
4380668136
4380696460
4380686823
4381991660
4380688625
4381003224
4380752394
4380698457
4380090356
4380682285
4380794619
4381413063
4381404078
4381001751
4381066917
4381310973
4380599500
4380278402
4381960393
4381362129
4381358343
4381000187
4381348745
4382152788
4381349596
4382376369
4382164278
4382166106
4381362391
4379192070
4381352733
4381522029
4381501868
4381511517
4381501873
4380887861
4380665229
4382681606
4381560230
4382936062
4382918740
4381566034
4382948511
4381574980
4381703317
4382160460
4381583876
4381580912
4381732714
4381597169
4382965156
4381584751
4383329256
4381767332
4383476746
4382291253
4381584176
4383481820
4382030038
4382279787
4382289380
4382080312
4382027191
4383716983
4382408205
4382074864
4382291966
4382271701
4383877031
4383495290
4383498143
4383723795
4382291027
4375315758
4382870053
4382883105
4383212007
4382880304
4382871602
4382848873
4382893727
4382841739
4384516751
4382558817
4383708273
4382550933
4382864725
4383200196
4382869670
4381378013
4384184412
4384530736
4383822668
4384558761
4381562559
4383594900
4383906492
4383556141
4383902686
4383901694
4383597767
4303965025
4383523521
4384576955
4383537631
4383589990
4385144877
4384592435
4385124101
4383913100
4384221532
4384226705
4384218985
4384238176
4384241079
4384230497
4384236237
4383097156
4384246071
4384243096
4383072785
4384237313
4383090091
4383071973
4383077658
4383089113
4384218984
4384222819
4384587579
4384588337
4383082463
4384238376
4385573726
4383087232
4385313398
4384252067
4384662144
4384667050
4384658365
4384667051
4384652474
4384654520
4384648618
4385849435
4384230232
4384247173
4384647553
4384241102
4384661134
4386019683
4384933499
4384939413
4384933679
4384941329
4384933678
4384941328
4384931719
4384923961
4384925901
4384945075
4385396009
4384964256
4331090207
4384994511
4385824492
4384982239
4384030108
4386348013
4385221984
4385230692
4385239224
4383647350
4385220950
4385223986
4385215347
4385215346
4384262062
4384956054
4384238771
4383534183
4385279800
4385238329
4384050581
4385669239
4385250003
4385320179
4385904248
4385903286
4385912381
4385697427
4384723113
4385984784
4386926864
4386938367
4386941100
4386829349
4384771921
4387298231
4386861191
4387273282
4386771785
4387640215
4387620884
4387250777
4380098374
4387616982
4384979243
4386309640
4387291654
4385692689
4387238495
4386856290
4385007971
4384206415
4384794742
4386848370
4387616981
4387710938
4385759918
4388706713
4370257063
4389085971
